100
2 3 2
1 1 1
2 1 2
3 2 3
92 5 92
1 98 1
3 4 3
1 2 1
8 3 8
60 5 60
3 1 3
80 4 80
65 8 65
2 37 2
32 11 32
76 3 76
84 1 84
89 4 89
96 5 96
56 8 56
1 100 1
100 9 100
2 4 2
33 9 33
3 37 3
47 9 47
50 8 50
28 11 28
98 5 98
30 8 30
90 2 90
91 4 91
96 4 96
82 2 82
33 1 33
92 9 92
4 1 4
73 8 73
21 7 21
21 9 21
1 12 1
51 8 51
48 10 48
18 1 18
22 10 22
10 13 10
92 2 92
4 27 4
2 7 2
8 13 8
84 9 84
13 8 13
72 9 72
2 15 2
100 4 100
100 3 100
71 1 71
56 9 56
4 29 4
10 18 10
100 1 100
38 1 38
37 4 37
80 8 80
74 2 74
3 3 3
61 3 61
15 4 15
1 49 1
4 3 4
50 6 50
1 3 1
61 10 61
15 14 15
23 4 23
76 9 76
62 10 62
33 3 33
2 59 2
2 2 2
8 11 8
83 3 83
2 27 2
25 9 25
14 7 14
10 5 10
4 4 4
31 8 31
61 1 61
83 1 83
18 14 18
49 6 49
80 9 80
19 13 19
9 7 9
4 2 4
95 1 95
100 2 100
1 50 1
1 4 1
