100
2 3 2
1 1 1
2 1 2
3 2 3
3 21 3
92 8 92
100 9 100
2 45 2
8 2 8
74 2 74
23 3 23
18 7 18
20 3 20
3 30 3
83 7 83
8 5 8
32 3 32
87 7 87
60 10 60
36 2 36
100 2 100
88 7 88
4 29 4
52 10 52
23 9 23
5 1 5
100 4 100
47 6 47
2 18 2
17 10 17
28 1 28
16 8 16
26 12 26
76 6 76
10 18 10
1 4 1
15 13 15
15 14 15
1 88 1
9 10 9
78 3 78
3 37 3
66 9 66
83 9 83
4 3 4
9 11 9
63 8 63
92 5 92
69 8 69
4 2 4
2 36 2
43 1 43
52 7 52
1 74 1
3 3 3
1 53 1
51 8 51
16 14 16
6 18 6
20 5 20
90 5 90
41 9 41
100 1 100
10 5 10
80 8 80
4 11 4
23 13 23
1 3 1
3 10 3
3 4 3
52 8 52
20 11 20
60 1 60
100 3 100
54 2 54
1 25 1
3 34 3
4 4 4
52 9 52
2 4 2
9 4 9
1 36 1
3 1 3
72 5 72
23 4 23
2 2 2
16 1 16
4 1 4
6 12 6
86 2 86
99 8 99
14 7 14
1 2 1
11 9 11
27 11 27
50 1 50
2 59 2
1 23 1
1 100 1
68 2 68
